1,27480,300022828,0,0.010000,0.020000,1.000000,0.100000,0.200000,0.300000,0.000000,0.000000,0.000000,0.000000,0.000000,0.000000
1,27481,300033796,0,0.010000,0.020000,1.000000,0.100000,0.200000,0.300000,0.000000,0.000000,0.000000,0.000000,0.000000,0.000000
1,27482,300044760,0,0.010000,0.020000,1.000000,0.100000,0.200000,0.300000,0.000000,0.000000,0.000000,0.000000,0.000000,0.000000
1,27483,300055724,0,0.010000,0.020000,1.000000,0.100000,0.200000,0.300000,0.000000,0.000000,0.000000,0.000000,0.000000,0.000000
1,27484,300066684,0,0.010000,0.020000,1.000000,0.100000,0.200000,0.300000,0.000000,0.000000,0.000000,0.000000,0.000000,0.000000
1,27485,300077696,0,0.010000,0.020000,1.000000,0.100000,0.200000,0.300000,0.000000,0.000000,0.000000,0.000000,0.000000,0.000000
1,27486,300088640,0,0.010000,0.020000,1.000000,0.100000,0.200000,0.300000,0.000000,0.000000,0.000000,0.000000,0.000000,0.000000
1,27487,300099580,0,0.010000,0.020000,1.000000,0.100000,0.200000,0.300000,0.000000,0.000000,0.000000,0.000000,0.000000,0.000000
1,27488,300110552,0,0.010000,0.020000,1.000000,0.100000,0.200000,0.300000,0.000000,0.000000,0.000000,0.000000,0.000000,0.000000
1,27489,300121516,0,0.010000,0.020000,1.000000,0.100000,0.200000,0.300000,0.000000,0.000000,0.000000,0.000000,0.000000,0.000000
1,27490,300132480,0,0.010000,0.020000,1.000000,0.100000,0.200000,0.300000,0.000000,0.000000,0.000000,0.000000,0.000000,0.000000
1,27491,300143444,0,0.010000,0.020000,1.000000,0.100000,0.200000,0.300000,0.000000,0.000000,0.000000,0.000000,0.000000,0.000000
1,27492,300154408,0,0.010000,0.020000,1.000000,0.100000,0.200000,0.300000,0.000000,0.000000,0.000000,0.000000,0.000000,0.000000
1,27493,300165376,0,0.010000,0.020000,1.000000,0.100000,0.200000,0.300000,0.000000,0.000000,0.000000,0.000000,0.000000,0.000000
1,27494,300176332,0,0.010000,0.020000,1.000000,0.100000,0.200000,0.300000,0.000000,0.000000,0.000000,0.000000,0.000000,0.000000
1,27495,300187348,0,0.010000,0.020000,1.000000,0.100000,0.200000,0.300000,0.000000,0.000000,0.000000,0.000000,0.000000,0.000000
1,27496,300198288,0,0.010000,0.020000,1.000000,0.100000,0.200000,0.300000,0.000000,0.000000,0.000000,0.000000,0.000000,0.000000
1,27497,300209236,0,0.010000,0.020000,1.000000,0.100000,0.200000,0.300000,0.000000,0.000000,0.000000,0.000000,0.000000,0.000000
1,27498,300220200,0,0.010000,0.020000,1.000000,0.100000,0.200000,0.300000,0.000000,0.000000,0.000000,0.000000,0.000000,0.000000
1,27499,300231164,0,0.010000,0.020000,1.000000,0.100000,0.200000,0.300000,0.000000,0.000000,0.000000,0.000000,0.000000,0.000000

==================== FINAL RESULT ====================
Bus speed (Hz): 100000
Target rate (Hz): 100
Frames written: 27500
Dropped frames: 2499
I2C errors (cumulative): 0
Final rtc_health: OK
Achieved rate (Hz): 91.665
Rate error: -8.33%
min_dt_us: 10428
max_dt_us: 11148
jitter span (max-min): 720 us
OVERALL: FAIL
======================================================
